  0.0000000e+000  0.0000000e+000
  1.6564383e-001  4.3991982e-003
  3.3128766e-001  1.6863720e-002
  4.9693148e-001  3.6227279e-002
  6.6257531e-001  6.1266719e-002
  8.2821914e-001  9.0739655e-002
  9.9386297e-001  1.2341869e-001
  1.1595068e+000  1.5812166e-001
  1.3251506e+000  1.9373752e-001
  1.4907944e+000  2.2924776e-001
  1.6564383e+000  2.6374307e-001
  1.8220821e+000  2.9643551e-001
  1.9877259e+000  3.2666626e-001
  2.1533698e+000  3.5390917e-001
  2.3190136e+000  3.7777055e-001
  2.4846574e+000  3.9798549e-001
  2.6503012e+000  4.1441132e-001
  2.8159451e+000  4.2701845e-001
  2.9815889e+000  4.3587939e-001
  3.1472327e+000  4.4115614e-001
  3.3128766e+000  4.4308667e-001
  3.4785204e+000  4.4197080e-001
  3.6441642e+000  4.3815594e-001
  3.8098080e+000  4.3202315e-001
  3.9754519e+000  4.2397372e-001
  4.1410957e+000  4.1441666e-001
  4.3067395e+000  4.0375729e-001
  4.4723833e+000  3.9238712e-001
  4.6380272e+000  3.8067516e-001
  4.8036710e+000  3.6896069e-001
  4.9693148e+000  3.5754759e-001
  5.1349587e+000  3.4670015e-001
  5.3006025e+000  3.3664037e-001
  5.4662463e+000  3.2754664e-001
  5.6318901e+000  3.1955363e-001
  5.7975340e+000  3.1275344e-001
  5.9631778e+000  3.0719760e-001
  6.1288216e+000  3.0290000e-001
  6.2944654e+000  2.9984048e-001
  6.4601093e+000  2.9796890e-001
  6.6257531e+000  2.9720957e-001
  6.7913969e+000  2.9746587e-001
  6.9570408e+000  2.9862498e-001
  7.1226846e+000  3.0056247e-001
  7.2883284e+000  3.0314675e-001
  7.4539722e+000  3.0624321e-001
  7.6196161e+000  3.0971805e-001
  7.7852599e+000  3.1344165e-001
  7.9509037e+000  3.1729150e-001
  8.1165475e+000  3.2115462e-001
  8.2821914e+000  3.2492949e-001
  8.4478352e+000  3.2852751e-001
  8.6134790e+000  3.3187391e-001
  8.7791229e+000  3.3490827e-001
  8.9447667e+000  3.3758456e-001
  9.1104105e+000  3.3987087e-001
  9.2760543e+000  3.4174870e-001
  9.4416982e+000  3.4321210e-001
  9.6073420e+000  3.4426646e-001
  9.7729858e+000  3.4492723e-001
  9.9386297e+000  3.4521842e-001
  1.0104273e+001  3.4517113e-001
  1.0269917e+001  3.4482198e-001
  1.0435561e+001  3.4421157e-001
  1.0601205e+001  3.4338304e-001
  1.0766849e+001  3.4238066e-001
  1.0932493e+001  3.4124860e-001
  1.1098136e+001  3.4002975e-001
  1.1263780e+001  3.3876477e-001
  1.1429424e+001  3.3749128e-001
  1.1595068e+001  3.3624316e-001
  1.1760712e+001  3.3505012e-001
  1.1926356e+001  3.3393731e-001
  1.2091999e+001  3.3292520e-001
  1.2257643e+001  3.3202948e-001
  1.2423287e+001  3.3126120e-001
  1.2588931e+001  3.3062695e-001
  1.2754575e+001  3.3012916e-001
  1.2920219e+001  3.2976645e-001
  1.3085862e+001  3.2953412e-001
  1.3251506e+001  3.2942454e-001
  1.3417150e+001  3.2942772e-001
  1.3582794e+001  3.2953180e-001
  1.3748438e+001  3.2972352e-001
  1.3914082e+001  3.2998876e-001
  1.4079725e+001  3.3031295e-001
  1.4245369e+001  3.3068152e-001
  1.4411013e+001  3.3108030e-001
  1.4576657e+001  3.3149577e-001
  1.4742301e+001  3.3191543e-001
  1.4907944e+001  3.3232797e-001
  1.5073588e+001  3.3272343e-001
  1.5239232e+001  3.3309335e-001
  1.5404876e+001  3.3343082e-001
  1.5570520e+001  3.3373048e-001
  1.5736164e+001  3.3398851e-001
  1.5901807e+001  3.3420259e-001
  1.6067451e+001  3.3437176e-001
  1.6233095e+001  3.3449632e-001
  1.6398739e+001  3.3457772e-001
  1.6564383e+001  3.3461836e-001
  1.6730027e+001  3.3462145e-001
  1.6895670e+001  3.3459082e-001
  1.7061314e+001  3.3453081e-001
  1.7226958e+001  3.3444604e-001
  1.7392602e+001  3.3434129e-001
  1.7558246e+001  3.3422136e-001
  1.7723890e+001  3.3409096e-001
  1.7889533e+001  3.3395456e-001
