  0.0000000e+000  0.0000000e+000
  4.2472776e-002  5.3140068e-008
  8.4945553e-002  1.5678335e-006
  1.2741833e-001  1.0968442e-005
  1.6989111e-001  4.2550154e-005
  2.1236388e-001  1.1945391e-004
  2.5483666e-001  2.7324687e-004
  2.9730943e-001  5.4256269e-004
  3.3978221e-001  9.7117011e-004
  3.8225499e-001  1.6057618e-003
  4.2472776e-001  2.4936875e-003
  4.6720054e-001  3.6807969e-003
  5.0967332e-001  5.2095083e-003
  5.5214609e-001  7.1171780e-003
  5.9461887e-001  9.4348094e-003
  6.3709164e-001  1.2186118e-002
  6.7956442e-001  1.5386944e-002
  7.2203720e-001  1.9044992e-002
  7.6450997e-001  2.3159863e-002
  8.0698275e-001  2.7723342e-002
  8.4945553e-001  3.2719897e-002
  8.9192830e-001  3.8127345e-002
  9.3440108e-001  4.3917644e-002
  9.7687385e-001  5.0057772e-002
  1.0193466e+000  5.6510645e-002
  1.0618194e+000  6.3236060e-002
  1.1042922e+000  7.0191619e-002
  1.1467650e+000  7.7333616e-002
  1.1892377e+000  8.4617871e-002
  1.2317105e+000  9.2000492e-002
  1.2741833e+000  9.9438558e-002
  1.3166561e+000  1.0689071e-001
  1.3591288e+000  1.1431767e-001
  1.4016016e+000  1.2168263e-001
  1.4440744e+000  1.2895162e-001
  1.4865472e+000  1.3609368e-001
  1.5290199e+000  1.4308112e-001
  1.5714927e+000  1.4988953e-001
  1.6139655e+000  1.5649782e-001
  1.6564383e+000  1.6288822e-001
  1.6989111e+000  1.6904617e-001
  1.7413838e+000  1.7496020e-001
  1.7838566e+000  1.8062178e-001
  1.8263294e+000  1.8602511e-001
  1.8688022e+000  1.9116695e-001
  1.9112749e+000  1.9604637e-001
  1.9537477e+000  2.0066454e-001
  1.9962205e+000  2.0502450e-001
  2.0386933e+000  2.0913091e-001
  2.0811660e+000  2.1298984e-001
  2.1236388e+000  2.1660856e-001
  2.1661116e+000  2.1999533e-001
  2.2085844e+000  2.2315917e-001
  2.2510571e+000  2.2610974e-001
  2.2935299e+000  2.2885713e-001
  2.3360027e+000  2.3141170e-001
  2.3784755e+000  2.3378399e-001
  2.4209482e+000  2.3598458e-001
  2.4634210e+000  2.3802394e-001
  2.5058938e+000  2.3991240e-001
  2.5483666e+000  2.4166006e-001
  2.5908394e+000  2.4327670e-001
  2.6333121e+000  2.4477175e-001
  2.6757849e+000  2.4615422e-001
  2.7182577e+000  2.4743272e-001
  2.7607305e+000  2.4861540e-001
  2.8032032e+000  2.4970993e-001
  2.8456760e+000  2.5072354e-001
  2.8881488e+000  2.5166295e-001
  2.9306216e+000  2.5253444e-001
  2.9730943e+000  2.5334383e-001
  3.0155671e+000  2.5409648e-001
  3.0580399e+000  2.5479734e-001
  3.1005127e+000  2.5545096e-001
  3.1429854e+000  2.5606146e-001
  3.1854582e+000  2.5663263e-001
  3.2279310e+000  2.5716791e-001
  3.2704038e+000  2.5767040e-001
  3.3128766e+000  2.5814292e-001
  3.3553493e+000  2.5858800e-001
  3.3978221e+000  2.5900793e-001
  3.4402949e+000  2.5940474e-001
  3.4827677e+000  2.5978029e-001
  3.5252404e+000  2.6013620e-001
  3.5677132e+000  2.6047394e-001
  3.6101860e+000  2.6079483e-001
  3.6526588e+000  2.6110003e-001
  3.6951315e+000  2.6139059e-001
  3.7376043e+000  2.6166744e-001
  3.7800771e+000  2.6193142e-001
  3.8225499e+000  2.6218326e-001
  3.8650226e+000  2.6242365e-001
  3.9074954e+000  2.6265318e-001
  3.9499682e+000  2.6287240e-001
  3.9924410e+000  2.6308180e-001
  4.0349137e+000  2.6328183e-001
  4.0773865e+000  2.6347292e-001
  4.1198593e+000  2.6365543e-001
  4.1623321e+000  2.6382973e-001
  4.2048049e+000  2.6399615e-001
  4.2472776e+000  2.6415499e-001
  4.2897504e+000  2.6430654e-001
  4.3322232e+000  2.6445110e-001
  4.3746960e+000  2.6458892e-001
  4.4171687e+000  2.6472026e-001
  4.4596415e+000  2.6484536e-001
